v 5.31667 0 -2.56111
v 5.33685 0 -2.50795
v 5.35665 0 -2.45452
v 5.37608 0 -2.40084
v 5.39513 0 -2.34691
v 5.4138 0 -2.29274
v 5.4321 0 -2.23833
v 5.45002 0 -2.18369
v 5.46756 0 -2.12883
v 5.48472 0 -2.07375
v 5.50151 0 -2.01847
v 5.51792 0 -1.96298
v 5.53396 0 -1.90729
v 5.54962 0 -1.85142
v 5.5649 0 -1.79536
v 5.57981 0 -1.73912
v 5.59434 0 -1.68271
v 5.6085 0 -1.62614
v 5.62228 0 -1.56942
v 5.63568 0 -1.51254
v 5.64871 0 -1.45552
v 5.66136 0 -1.39836
v 5.67364 0 -1.34107
v 5.68554 0 -1.28365
v 5.69707 0 -1.22612
v 5.70822 0 -1.16848
v 5.719 0 -1.11073
v 5.7294 0 -1.05288
v 5.73943 0 -0.994947
v 5.74908 0 -0.936924
v 5.75836 0 -0.878823
v 5.76726 0 -0.82065
v 5.77579 0 -0.762412
v 5.78395 0 -0.704115
v 5.79173 0 -0.645766
v 5.79914 0 -0.587372
v 5.80617 0 -0.528938
v 5.81283 0 -0.470472
v 5.81912 0 -0.41198
v 5.82503 0 -0.353469
v 5.83057 0 -0.294945
v 5.83574 0 -0.236415
v 5.84053 0 -0.177885
v 5.84495 0 -0.119362
v 5.84899 0 -0.0608521
v 5.85267 0 -0.00236256
v 5.85597 0 0.0561003
v 5.85889 0 0.11453
v 5.86145 0 0.17292
v 5.86363 0 0.231264
v 5.86544 0 0.289555
v 5.86688 0 0.347787
v 5.86794 0 0.405952
v 5.86864 0 0.464045
v 5.86896 0 0.52206
v 5.86891 0 0.579988
v 5.86848 0 0.637824
v 5.86769 0 0.695561
v 5.86652 0 0.753193
v 5.86499 0 0.810713
v 5.86308 0 0.868115
v 5.8608 0 0.925392
v 5.85814 0 0.982537
v 5.85512 0 1.03954
v 5.85173 0 1.09641
v 5.84796 0 1.15312
v 5.84383 0 1.20967
v 5.83932 0 1.26606
v 5.83444 0 1.32228
v 5.8292 0 1.37832
v 5.82358 0 1.43417
v 5.81759 0 1.48984
v 5.81123 0 1.54531
v 5.8045 0 1.60057
v 5.79741 0 1.65563
v 5.78994 0 1.71047
v 5.7821 0 1.76508
v 5.77389 0 1.81946
v 5.76531 0 1.87361
v 5.75637 0 1.92752
v 5.74705 0 1.98117
v 5.73737 0 2.03457
v 5.72731 0 2.0877
v 5.71689 0 2.14057
v 5.70609 0 2.19316
v 5.69493 0 2.24547
v 5.6834 0 2.29749
v 5.6715 0 2.34921
v 5.65924 0 2.40063
v 5.6466 0 2.45174
v 5.6336 0 2.50254
v 5.62022 0 2.55302
v 5.60648 0 2.60316
v 5.59237 0 2.65298
v 5.5779 0 2.70245
v 5.56305 0 2.75157
v 5.54784 0 2.80034
v 5.53226 0 2.84874
v 5.51631 0 2.89678
v 5.5 0 2.94444
v 5.5 0 2.94444
v 5.48332 0 2.99173
v 5.46627 0 3.03863
v 5.44885 0 3.08516
v 5.43107 0 3.13131
v 5.41293 0 3.17708
v 5.39441 0 3.22248
v 5.37554 0 3.26751
v 5.3563 0 3.31216
v 5.33669 0 3.35644
v 5.31673 0 3.40035
v 5.2964 0 3.4439
v 5.2757 0 3.48707
v 5.25465 0 3.52988
v 5.23323 0 3.57233
v 5.21145 0 3.61441
v 5.18932 0 3.65613
v 5.16682 0 3.69749
v 5.14396 0 3.73848
v 5.12074 0 3.77912
v 5.09717 0 3.81941
v 5.07323 0 3.85933
v 5.04894 0 3.8989
v 5.02429 0 3.93812
v 4.99928 0 3.97698
v 4.97392 0 4.0155
v 4.9482 0 4.05366
v 4.92213 0 4.09148
v 4.8957 0 4.12894
v 4.86891 0 4.16606
v 4.84177 0 4.20284
v 4.81428 0 4.23927
v 4.78643 0 4.27536
v 4.75823 0 4.31111
v 4.72968 0 4.34652
v 4.70077 0 4.38159
v 4.67152 0 4.41632
v 4.64191 0 4.45072
v 4.61195 0 4.48478
v 4.58164 0 4.5185
v 4.55098 0 4.5519
v 4.51998 0 4.58496
v 4.48862 0 4.61769
v 4.45691 0 4.65009
v 4.42486 0 4.68217
v 4.39246 0 4.71392
v 4.35971 0 4.74534
v 4.32661 0 4.77644
v 4.29317 0 4.80722
v 4.25938 0 4.83767
v 4.22525 0 4.86781
v 4.19077 0 4.89762
v 4.15595 0 4.92712
v 4.12078 0 4.9563
v 4.08527 0 4.98517
v 4.04942 0 5.01372
v 4.01322 0 5.04196
v 3.97669 0 5.06988
v 3.93981 0 5.0975
v 3.90258 0 5.12481
v 3.86502 0 5.15181
v 3.82712 0 5.1785
v 3.78888 0 5.20489
v 3.75029 0 5.23097
v 3.71137 0 5.25675
v 3.67211 0 5.28223
v 3.63251 0 5.30741
v 3.59257 0 5.33229
v 3.5523 0 5.35687
v 3.51169 0 5.38115
v 3.47074 0 5.40514
v 3.42946 0 5.42883
v 3.38784 0 5.45223
v 3.34588 0 5.47534
v 3.30359 0 5.49816
v 3.26097 0 5.52069
v 3.21801 0 5.54293
v 3.17472 0 5.56488
v 3.1311 0 5.58655
v 3.08714 0 5.60793
v 3.04285 0 5.62903
v 2.99823 0 5.64985
v 2.95328 0 5.67039
v 2.908 0 5.69065
v 2.86239 0 5.71063
v 2.81645 0 5.73033
v 2.77018 0 5.74976
v 2.72358 0 5.76891
v 2.67665 0 5.78779
v 2.62939 0 5.8064
v 2.58181 0 5.82473
v 2.5339 0 5.8428
v 2.48566 0 5.8606
v 2.4371 0 5.87813
v 2.38821 0 5.8954
v 2.33899 0 5.9124
v 2.28945 0 5.92913
v 2.23959 0 5.94561
v 2.1894 0 5.96182
v 2.13889 0 5.97778
v 2.13889 0 5.97778
v 2.08806 0 5.99347
v 2.0369 0 6.00891
v 1.98544 0 6.02408
v 1.93367 0 6.03899
v 1.8816 0 6.05363
v 1.82924 0 6.068
v 1.77658 0 6.0821
v 1.72364 0 6.09592
v 1.67043 0 6.10947
v 1.61694 0 6.12274
v 1.56318 0 6.13573
v 1.50917 0 6.14844
v 1.4549 0 6.16087
v 1.40037 0 6.17301
v 1.34561 0 6.18485
v 1.2906 0 6.19641
v 1.23537 0 6.20768
v 1.1799 0 6.21865
v 1.12422 0 6.22932
v 1.06831 0 6.2397
v 1.0122 0 6.24977
v 0.955883 0 6.25953
v 0.899367 0 6.26899
v 0.842656 0 6.27815
v 0.785758 0 6.28699
v 0.728678 0 6.29552
v 0.671421 0 6.30374
v 0.613993 0 6.31163
v 0.5564 0 6.31921
v 0.498647 0 6.32647
v 0.44074 0 6.33341
v 0.382684 0 6.34001
v 0.324486 0 6.3463
v 0.26615 0 6.35225
v 0.207683 0 6.35787
v 0.14909 0 6.36315
v 0.0903769 0 6.3681
v 0.031549 0 6.37271
v -0.027388 0 6.37698
v -0.0864282 0 6.38091
v -0.145566 0 6.38449
v -0.204796 0 6.38772
v -0.264113 0 6.39061
v -0.32351 0 6.39314
v -0.382983 0 6.39532
v -0.442525 0 6.39714
v -0.502131 0 6.39861
v -0.561795 0 6.39972
v -0.621512 0 6.40046
v -0.681276 0 6.40084
v -0.741082 0 6.40085
v -0.800923 0 6.40049
v -0.860795 0 6.39977
v -0.920691 0 6.39866
v -0.980605 0 6.39719
v -1.04053 0 6.39533
v -1.10047 0 6.3931
v -1.16041 0 6.39049
v -1.22034 0 6.38749
v -1.28026 0 6.3841
v -1.34017 0 6.38033
v -1.40006 0 6.37616
v -1.45993 0 6.3716
v -1.51976 0 6.36665
v -1.57955 0 6.3613
v -1.6393 0 6.35556
v -1.699 0 6.34941
v -1.75865 0 6.34285
v -1.81824 0 6.3359
v -1.87776 0 6.32853
v -1.93721 0 6.32075
v -1.99658 0 6.31256
v -2.05587 0 6.30396
v -2.11508 0 6.29494
v -2.17418 0 6.2855
v -2.23319 0 6.27564
v -2.2921 0 6.26536
v -2.35089 0 6.25466
v -2.40957 0 6.24352
v -2.46812 0 6.23196
v -2.52655 0 6.21996
v -2.58485 0 6.20754
v -2.643 0 6.19467
v -2.70101 0 6.18137
v -2.75887 0 6.16762
v -2.81658 0 6.15344
v -2.87412 0 6.13881
v -2.9315 0 6.12373
v -2.9887 0 6.10821
v -3.04573 0 6.09223
v -3.10257 0 6.0758
v -3.15922 0 6.05891
v -3.21568 0 6.04157
v -3.27193 0 6.02377
v -3.32798 0 6.0055
v -3.38382 0 5.98677
v -3.43944 0 5.96758
v -3.49483 0 5.94791
v -3.55 0 5.92778
v -3.55 0 5.92778
v -3.60493 0 5.90717
v -3.65963 0 5.8861
v -3.71409 0 5.86455
v -3.7683 0 5.84255
v -3.82227 0 5.82008
v -3.876 0 5.79715
v -3.92947 0 5.77377
v -3.9827 0 5.74994
v -4.03568 0 5.72566
v -4.08839 0 5.70094
v -4.14085 0 5.67577
v -4.19306 0 5.65016
v -4.245 0 5.62411
v -4.29667 0 5.59763
v -4.34808 0 5.57072
v -4.39922 0 5.54338
v -4.45009 0 5.51562
v -4.50069 0 5.48743
v -4.55101 0 5.45883
v -4.60105 0 5.42981
v -4.65082 0 5.40037
v -4.7003 0 5.37053
v -4.74949 0 5.34028
v -4.7984 0 5.30963
v -4.84702 0 5.27857
v -4.89535 0 5.24712
v -4.94339 0 5.21527
v -4.99113 0 5.18303
v -5.03857 0 5.1504
v -5.08571 0 5.11738
v -5.13255 0 5.08398
v -5.17908 0 5.05021
v -5.22531 0 5.01605
v -5.27123 0 4.98152
v -5.31683 0 4.94662
v -5.36212 0 4.91135
v -5.4071 0 4.87571
v -5.45175 0 4.83972
v -5.49609 0 4.80336
v -5.5401 0 4.76665
v -5.58379 0 4.72959
v -5.62715 0 4.69217
v -5.67017 0 4.65441
v -5.71287 0 4.6163
v -5.75523 0 4.57785
v -5.79726 0 4.53907
v -5.83895 0 4.49995
v -5.88029 0 4.46049
v -5.9213 0 4.42071
v -5.96195 0 4.3806
v -6.00226 0 4.34017
v -6.04222 0 4.29941
v -6.08182 0 4.25834
v -6.12107 0 4.21696
v -6.15997 0 4.17526
v -6.1985 0 4.13326
v -6.23667 0 4.09095
v -6.27448 0 4.04834
v -6.31193 0 4.00543
v -6.349 0 3.96222
v -6.3857 0 3.91872
v -6.42203 0 3.87493
v -6.45799 0 3.83085
v -6.49357 0 3.78648
v -6.52876 0 3.74184
v -6.56358 0 3.69691
v -6.59801 0 3.65171
v -6.63206 0 3.60624
v -6.66571 0 3.5605
v -6.69898 0 3.51449
v -6.73185 0 3.46822
v -6.76433 0 3.42169
v -6.7964 0 3.3749
v -6.82808 0 3.32786
v -6.85936 0 3.28056
v -6.89023 0 3.23302
v -6.92069 0 3.18523
v -6.95075 0 3.1372
v -6.98039 0 3.08893
v -7.00962 0 3.04042
v -7.03843 0 2.99168
v -7.06682 0 2.9427
v -7.0948 0 2.8935
v -7.12235 0 2.84408
v -7.14948 0 2.79443
v -7.17617 0 2.74457
v -7.20244 0 2.69449
v -7.22828 0 2.64419
v -7.25368 0 2.59369
v -7.27865 0 2.54298
v -7.30318 0 2.49207
v -7.32726 0 2.44095
v -7.35091 0 2.38964
v -7.37411 0 2.33813
v -7.39686 0 2.28643
v -7.41916 0 2.23454
v -7.441 0 2.18247
v -7.4624 0 2.13021
v -7.48333 0 2.07778
v -7.48333 0 2.07778
v -7.50381 0 2.02516
v -7.52383 0 1.97238
v -7.54339 0 1.91942
v -7.5625 0 1.8663
v -7.58115 0 1.81301
v -7.59935 0 1.75956
v -7.6171 0 1.70596
v -7.63439 0 1.6522
v -7.65124 0 1.5983
v -7.66764 0 1.54424
v -7.68358 0 1.49005
v -7.69909 0 1.43571
v -7.71414 0 1.38124
v -7.72876 0 1.32663
v -7.74292 0 1.2719
v -7.75665 0 1.21703
v -7.76994 0 1.16205
v -7.78278 0 1.10695
v -7.79519 0 1.05172
v -7.80716 0 0.996391
v -7.81869 0 0.940948
v -7.82979 0 0.885399
v -7.84045 0 0.829746
v -7.85068 0 0.773995
v -7.86048 0 0.718147
v -7.86985 0 0.662207
v -7.87879 0 0.606177
v -7.8873 0 0.550062
v -7.89538 0 0.493864
v -7.90304 0 0.437586
v -7.91027 0 0.381233
v -7.91707 0 0.324807
v -7.92346 0 0.268313
v -7.92942 0 0.211752
v -7.93496 0 0.155129
v -7.94008 0 0.0984472
v -7.94479 0 0.0417096
v -7.94907 0 -0.0150802
v -7.95294 0 -0.0719192
v -7.9564 0 -0.128804
v -7.95944 0 -0.18573
v -7.96207 0 -0.242695
v -7.96429 0 -0.299696
v -7.96609 0 -0.356729
v -7.96749 0 -0.413791
v -7.96848 0 -0.470878
v -7.96907 0 -0.527987
v -7.96924 0 -0.585114
v -7.96902 0 -0.642257
v -7.96838 0 -0.699412
v -7.96735 0 -0.756575
v -7.96592 0 -0.813744
v -7.96408 0 -0.870914
v -7.96185 0 -0.928083
v -7.95921 0 -0.985246
v -7.95618 0 -1.0424
v -7.95276 0 -1.09955
v -7.94894 0 -1.15667
v -7.94473 0 -1.21378
v -7.94012 0 -1.27087
v -7.93513 0 -1.32794
v -7.92974 0 -1.38497
v -7.92397 0 -1.44197
v -7.9178 0 -1.49894
v -7.91126 0 -1.55587
v -7.90432 0 -1.61276
v -7.897 0 -1.6696
v -7.8893 0 -1.72639
v -7.88122 0 -1.78313
v -7.87275 0 -1.83982
v -7.86391 0 -1.89645
v -7.85468 0 -1.95301
v -7.84508 0 -2.00951
v -7.8351 0 -2.06594
v -7.82475 0 -2.1223
v -7.81403 0 -2.17858
v -7.80293 0 -2.23478
v -7.79145 0 -2.2909
v -7.77961 0 -2.34694
v -7.7674 0 -2.40288
v -7.75482 0 -2.45874
v -7.74187 0 -2.51449
v -7.72856 0 -2.57015
v -7.71488 0 -2.62571
v -7.70084 0 -2.68116
v -7.68643 0 -2.7365
v -7.67167 0 -2.79173
v -7.65654 0 -2.84684
v -7.64105 0 -2.90183
v -7.62521 0 -2.9567
v -7.609 0 -3.01144
v -7.59245 0 -3.06606
v -7.57553 0 -3.12054
v -7.55827 0 -3.17488
v -7.54065 0 -3.22909
v -7.52268 0 -3.28315
v -7.50436 0 -3.33707
v -7.48568 0 -3.39083
v -7.46667 0 -3.44444
v -7.46667 0 -3.44444
v -7.4473 0 -3.4979
v -7.42759 0 -3.5512
v -7.40753 0 -3.60433
v -7.38713 0 -3.65729
v -7.36638 0 -3.71007
v -7.34529 0 -3.76268
v -7.32385 0 -3.81511
v -7.30207 0 -3.86734
v -7.27995 0 -3.91939
v -7.25749 0 -3.97124
v -7.23468 0 -4.02289
v -7.21153 0 -4.07433
v -7.18805 0 -4.12556
v -7.16422 0 -4.17658
v -7.14005 0 -4.22738
v -7.11554 0 -4.27796
v -7.0907 0 -4.32831
v -7.06552 0 -4.37843
v -7.03999 0 -4.42831
v -7.01413 0 -4.47795
v -6.98794 0 -4.52735
v -6.96141 0 -4.5765
v -6.93454 0 -4.62539
v -6.90734 0 -4.67403
v -6.8798 0 -4.7224
v -6.85193 0 -4.7705
v -6.82373 0 -4.81834
v -6.79519 0 -4.86589
v -6.76632 0 -4.91317
v -6.73712 0 -4.96016
v -6.70759 0 -5.00686
v -6.67772 0 -5.05327
v -6.64753 0 -5.09938
v -6.61701 0 -5.14519
v -6.58615 0 -5.19069
v -6.55497 0 -5.23588
v -6.52346 0 -5.28075
v -6.49162 0 -5.3253
v -6.45946 0 -5.36953
v -6.42696 0 -5.41343
v -6.39415 0 -5.457
v -6.361 0 -5.50022
v -6.32753 0 -5.54311
v -6.29374 0 -5.58564
v -6.25962 0 -5.62783
v -6.22517 0 -5.66966
v -6.19041 0 -5.71113
v -6.15532 0 -5.75223
v -6.11991 0 -5.79297
v -6.08418 0 -5.83333
v -6.04812 0 -5.87331
v -6.01175 0 -5.91291
v -5.97506 0 -5.95213
v -5.93804 0 -5.99095
v -5.90071 0 -6.02938
v -5.86306 0 -6.06741
v -5.82509 0 -6.10503
v -5.7868 0 -6.14224
v -5.7482 0 -6.17904
v -5.70928 0 -6.21542
v -5.67004 0 -6.25138
v -5.63049 0 -6.28692
v -5.59062 0 -6.32202
v -5.55044 0 -6.35668
v -5.50994 0 -6.39091
v -5.46914 0 -6.42469
v -5.42801 0 -6.45802
v -5.38658 0 -6.4909
v -5.34483 0 -6.52332
v -5.30278 0 -6.55528
v -5.26041 0 -6.58678
v -5.21773 0 -6.6178
v -5.17474 0 -6.64834
v -5.13145 0 -6.67841
v -5.08784 0 -6.70799
v -5.04393 0 -6.73708
v -4.9997 0 -6.76568
v -4.95517 0 -6.79379
v -4.91034 0 -6.82138
v -4.8652 0 -6.84848
v -4.81975 0 -6.87506
v -4.77399 0 -6.90113
v -4.72794 0 -6.92667
v -4.68157 0 -6.9517
v -4.63491 0 -6.97619
v -4.58794 0 -7.00015
v -4.54067 0 -7.02357
v -4.4931 0 -7.04646
v -4.44522 0 -7.06879
v -4.39704 0 -7.09058
v -4.34857 0 -7.1118
v -4.29979 0 -7.13247
v -4.25072 0 -7.15258
v -4.20134 0 -7.17211
v -4.15167 0 -7.19108
v -4.1017 0 -7.20946
v -4.05143 0 -7.22727
v -4.00086 0 -7.24448
v -3.95 0 -7.26111
v -3.95 0 -7.26111
v -3.89884 0 -7.27714
v -3.8474 0 -7.29258
v -3.79566 0 -7.30744
v -3.74365 0 -7.3217
v -3.69137 0 -7.33539
v -3.63882 0 -7.3485
v -3.58601 0 -7.36103
v -3.53294 0 -7.37299
v -3.47962 0 -7.38438
v -3.42605 0 -7.3952
v -3.37225 0 -7.40546
v -3.31822 0 -7.41517
v -3.26395 0 -7.42432
v -3.20947 0 -7.43291
v -3.15477 0 -7.44096
v -3.09986 0 -7.44846
v -3.04474 0 -7.45542
v -2.98943 0 -7.46184
v -2.93392 0 -7.46772
v -2.87822 0 -7.47307
v -2.82235 0 -7.47789
v -2.76629 0 -7.48219
v -2.71007 0 -7.48596
v -2.65368 0 -7.48922
v -2.59713 0 -7.49196
v -2.54043 0 -7.49418
v -2.48358 0 -7.4959
v -2.42659 0 -7.49711
v -2.36947 0 -7.49781
v -2.31221 0 -7.49802
v -2.25483 0 -7.49773
v -2.19733 0 -7.49695
v -2.13971 0 -7.49568
v -2.08199 0 -7.49392
v -2.02417 0 -7.49168
v -1.96625 0 -7.48896
v -1.90823 0 -7.48576
v -1.85014 0 -7.48209
v -1.79196 0 -7.47795
v -1.73371 0 -7.47335
v -1.6754 0 -7.46828
v -1.61702 0 -7.46275
v -1.55858 0 -7.45676
v -1.5001 0 -7.45032
v -1.44157 0 -7.44343
v -1.383 0 -7.43609
v -1.3244 0 -7.42831
v -1.26576 0 -7.42009
v -1.20711 0 -7.41144
v -1.14844 0 -7.40234
v -1.08976 0 -7.39282
v -1.03108 0 -7.38288
v -0.97239 0 -7.3725
v -0.913711 0 -7.36171
v -0.855045 0 -7.3505
v -0.796396 0 -7.33888
v -0.737771 0 -7.32685
v -0.679175 0 -7.31441
v -0.620614 0 -7.30156
v -0.562093 0 -7.28832
v -0.503618 0 -7.27467
v -0.445196 0 -7.26064
v -0.386831 0 -7.24621
v -0.32853 0 -7.2314
v -0.270297 0 -7.2162
v -0.21214 0 -7.20062
v -0.154063 0 -7.18466
v -0.0960722 0 -7.16833
v -0.0381733 0 -7.15163
v 0.019628 0 -7.13456
v 0.0773264 0 -7.11712
v 0.134915 0 -7.09933
v 0.192389 0 -7.08117
v 0.249743 0 -7.06267
v 0.306971 0 -7.04381
v 0.364067 0 -7.0246
v 0.421026 0 -7.00505
v 0.477841 0 -6.98516
v 0.534507 0 -6.96493
v 0.591019 0 -6.94437
v 0.64737 0 -6.92347
v 0.703556 0 -6.90225
v 0.759569 0 -6.8807
v 0.815405 0 -6.85883
v 0.871058 0 -6.83664
v 0.926523 0 -6.81414
v 0.981792 0 -6.79132
v 1.03686 0 -6.7682
v 1.09173 0 -6.74477
v 1.14638 0 -6.72104
v 1.20081 0 -6.69701
v 1.25502 0 -6.67269
v 1.30901 0 -6.64808
v 1.36275 0 -6.62317
v 1.41626 0 -6.59798
v 1.46952 0 -6.57251
v 1.52253 0 -6.54676
v 1.57529 0 -6.52074
v 1.62778 0 -6.49444
v 1.62778 0 -6.49444
v 1.68 0 -6.46788
v 1.73195 0 -6.44104
v 1.78363 0 -6.41394
v 1.83504 0 -6.38657
v 1.88618 0 -6.35893
v 1.93704 0 -6.33102
v 1.98763 0 -6.30285
v 2.03794 0 -6.2744
v 2.08797 0 -6.24568
v 2.13773 0 -6.2167
v 2.1872 0 -6.18745
v 2.2364 0 -6.15793
v 2.28531 0 -6.12814
v 2.33394 0 -6.09808
v 2.38229 0 -6.06775
v 2.43035 0 -6.03716
v 2.47812 0 -6.00629
v 2.52561 0 -5.97516
v 2.57281 0 -5.94376
v 2.61971 0 -5.91209
v 2.66633 0 -5.88015
v 2.71266 0 -5.84794
v 2.75869 0 -5.81547
v 2.80443 0 -5.78272
v 2.84987 0 -5.74971
v 2.89502 0 -5.71642
v 2.93987 0 -5.68287
v 2.98443 0 -5.64905
v 3.02868 0 -5.61497
v 3.07263 0 -5.58061
v 3.11628 0 -5.54598
v 3.15963 0 -5.51109
v 3.20267 0 -5.47593
v 3.24541 0 -5.44049
v 3.28785 0 -5.40479
v 3.32997 0 -5.36882
v 3.37179 0 -5.33259
v 3.4133 0 -5.29608
v 3.4545 0 -5.25931
v 3.49538 0 -5.22226
v 3.53596 0 -5.18495
v 3.57622 0 -5.14737
v 3.61616 0 -5.10952
v 3.65579 0 -5.0714
v 3.6951 0 -5.03301
v 3.7341 0 -4.99436
v 3.77277 0 -4.95543
v 3.81113 0 -4.91624
v 3.84916 0 -4.87678
v 3.88687 0 -4.83705
v 3.92426 0 -4.79705
v 3.96132 0 -4.75678
v 3.99806 0 -4.71624
v 4.03446 0 -4.67544
v 4.07055 0 -4.63436
v 4.1063 0 -4.59302
v 4.14172 0 -4.55141
v 4.17681 0 -4.50953
v 4.21157 0 -4.46738
v 4.24599 0 -4.42496
v 4.28008 0 -4.38228
v 4.31384 0 -4.33932
v 4.34725 0 -4.2961
v 4.38033 0 -4.2526
v 4.41307 0 -4.20884
v 4.44547 0 -4.16481
v 4.47753 0 -4.12052
v 4.50925 0 -4.07595
v 4.54062 0 -4.03111
v 4.57165 0 -3.98601
v 4.60233 0 -3.94064
v 4.63267 0 -3.895
v 4.66266 0 -3.84909
v 4.6923 0 -3.80291
v 4.72159 0 -3.75646
v 4.75052 0 -3.70974
v 4.77911 0 -3.66276
v 4.80734 0 -3.6155
v 4.83522 0 -3.56798
v 4.86275 0 -3.52019
v 4.88991 0 -3.47213
v 4.91672 0 -3.4238
v 4.94317 0 -3.37521
v 4.96926 0 -3.32634
v 4.99499 0 -3.2772
v 5.02035 0 -3.2278
v 5.04536 0 -3.17813
v 5.07 0 -3.12819
v 5.09427 0 -3.07798
v 5.11818 0 -3.0275
v 5.14172 0 -2.97676
v 5.16489 0 -2.92574
v 5.18769 0 -2.87446
v 5.21012 0 -2.8229
v 5.23218 0 -2.77108
v 5.25386 0 -2.71899
v 5.27517 0 -2.66663
v 5.29611 0 -2.61401
v 5.31667 0 -2.56111
